[gd_scene format=3 uid="uid://4k5jpfdxi2v5"]

[node name="Portal" type="CSGBox3D"]
transform = Transform3D(0.393974, 0.154356, 0.906068, -3.72529e-09, 0.985797, -0.167939, -0.919122, 0.0661635, 0.388379, 0.782219, -0.144984, 0.335292)
size = Vector3(9.26025, 14.9518, 2.72662)

[node name="CSGBox3D" type="CSGBox3D" parent="."]
transform = Transform3D(1, 7.45058e-09, 0, 0, 0.999999, 1.43424e-07, 0, 1.41561e-07, 1, 0.124273, -7.54954, 0.158114)
size = Vector3(11.8611, 1, 3.4502)

[node name="CSGBox3D2" type="CSGBox3D" parent="."]
transform = Transform3D(1, 1.11759e-08, 0, 0, 0.999999, 1.43424e-07, 0, 1.37836e-07, 1, 0.124273, 7.64419, 0.158116)
size = Vector3(11.8611, 1, 3.4502)

[node name="CSGBox3D3" type="CSGBox3D" parent="."]
transform = Transform3D(1, 3.72529e-09, 0, 0, 0.999999, 1.43424e-07, 0, 1.37836e-07, 1, 0.0845947, 0.0692142, -0.516406)
operation = 2
size = Vector3(7.91626, 12.9968, 2.01947)

[node name="CSGCylinder3D" type="CSGCylinder3D" parent="."]
transform = Transform3D(-0.0175612, -0.999741, -0.0144328, -0.00829895, -0.0142888, 0.999864, -0.999811, 0.0176786, -0.00804596, 0.0730002, -1.70198, -2.17887)
height = 6.02509
sides = 3
smooth_faces = false

[node name="CSGCylinder3D2" type="CSGCylinder3D" parent="."]
transform = Transform3D(-0.0213223, -0.999741, 0.00787789, 0.859028, -0.0142888, 0.511729, -0.511484, 0.0176786, 0.859111, 0.155592, -1.66295, 2.52334)
height = 6.02509
sides = 3
smooth_faces = false
