[gd_scene load_steps=52 format=3 uid="uid://cy155kfqv65ld"]

[ext_resource type="PackedScene" uid="uid://diqcix80tn6ba" path="res://Player.tscn" id="2_5oqqy"]
[ext_resource type="Material" uid="uid://c1p646w25la8c" path="res://Materials/Dirtalt.tres" id="3_3tw40"]
[ext_resource type="Material" uid="uid://bt0swokvsh63o" path="res://Materials/tempgreen.tres" id="4_c1bdb"]
[ext_resource type="Material" uid="uid://ctkdy36vlfql3" path="res://Materials/light_stone.tres" id="7_mjbn1"]
[ext_resource type="Material" uid="uid://hp5i7fc7dk4c" path="res://Materials/light_stone_interior.tres" id="8_skb1l"]
[ext_resource type="Material" uid="uid://dsh3ucxxmpkjf" path="res://Materials/Smooth_Stone_1.tres" id="14_5e0j6"]
[ext_resource type="Material" uid="uid://ds0kn0hbb7kxb" path="res://Materials/Bricks.tres" id="15_cat18"]
[ext_resource type="Material" uid="uid://d0bn16pc8uctt" path="res://Materials/Underwater.tres" id="16_gocii"]
[ext_resource type="Material" uid="uid://dq8f11h6l01nn" path="res://Materials/Bloodstonealt.tres" id="17_3tqej"]
[ext_resource type="Material" uid="uid://dy8q4sq7pqviu" path="res://Materials/tempglass.tres" id="18_f48xc"]
[ext_resource type="PackedScene" uid="uid://4k5jpfdxi2v5" path="res://Stages/Doodads/portal.tscn" id="20_sdkae"]
[ext_resource type="PackedScene" uid="uid://2pk7e624h0b2" path="res://Stages/Doodads/MinorLoot.tscn" id="21_w5f1c"]
[ext_resource type="PackedScene" uid="uid://11s7a4lryhu1" path="res://Stages/Doodads/XPLoot.tscn" id="22_d166d"]
[ext_resource type="PackedScene" uid="uid://c0dnhvns2clik" path="res://Stages/Doodads/MajorLoot.tscn" id="23_4tned"]
[ext_resource type="PackedScene" uid="uid://c4jlncpe1d24c" path="res://Stages/Doodads/Secret.tscn" id="24_bfyat"]
[ext_resource type="PackedScene" uid="uid://cswuuuuep5srk" path="res://Stages/Doodads/Enemy Signifier.tscn" id="25_r0rmi"]
[ext_resource type="Material" uid="uid://cqbp5udeo0r7t" path="res://Materials/Dirt.tres" id="27_pf6yq"]
[ext_resource type="Material" uid="uid://xwcjcfkct5oy" path="res://Materials/tempdestructible.tres" id="28_w5x5l"]
[ext_resource type="Material" uid="uid://1kn71whthmc2" path="res://Materials/Growth.tres" id="30_4i76a"]
[ext_resource type="Material" uid="uid://0mk0l2wkpa53" path="res://Materials/Flesh_Root_Thick.tres" id="31_2q3x6"]
[ext_resource type="PackedScene" uid="uid://dj880hpbwm662" path="res://Stages/Doodads/cliff_platform1.tscn" id="32_0ipmj"]
[ext_resource type="PackedScene" uid="uid://c7csxsvcdpvat" path="res://Stages/Doodads/cliff_platform2.tscn" id="33_kya58"]
[ext_resource type="PackedScene" uid="uid://bhljqigkfisrb" path="res://Stages/Doodads/cliff_platform3.tscn" id="34_nipih"]
[ext_resource type="PackedScene" uid="uid://dox6mfyyq744s" path="res://Stages/Doodads/cliff_simple_1.tscn" id="35_mavgy"]
[ext_resource type="PackedScene" uid="uid://cgktv4s7fotuq" path="res://Stages/Doodads/cliff_simple_2.tscn" id="36_8wedk"]
[ext_resource type="PackedScene" uid="uid://cuq5juqokt5qc" path="res://Stages/Doodads/cliff_simple_3.tscn" id="37_kalhl"]
[ext_resource type="PackedScene" uid="uid://bfvnjgf1udgkd" path="res://Stages/Doodads/growth_platform.tscn" id="38_y15kr"]

[sub_resource type="PanoramaSkyMaterial" id="PanoramaSkyMaterial_gybyn"]
filter = false

[sub_resource type="Sky" id="Sky_a4frd"]
sky_material = SubResource("PanoramaSkyMaterial_gybyn")

[sub_resource type="Environment" id="Environment_ltn51"]
background_mode = 2
background_energy_multiplier = 0.7
sky = SubResource("Sky_a4frd")
sky_custom_fov = 80.0
tonemap_mode = 3
fog_light_color = Color(0.476798, 0.575023, 0.552696, 1)
volumetric_fog_enabled = true
volumetric_fog_density = 0.03
volumetric_fog_albedo = Color(1, 0.898, 0.64, 1)
volumetric_fog_emission = Color(0.0901961, 0, 0.270588, 1)

[sub_resource type="StandardMaterial3D" id="StandardMaterial3D_n83ly"]
detail_enabled = true
detail_blend_mode = 3
detail_uv_layer = 1
uv1_scale = Vector3(0.1, 0.1, 0.1)
uv1_triplanar = true
uv1_world_triplanar = true
uv2_triplanar = true
uv2_world_triplanar = true

[sub_resource type="StandardMaterial3D" id="StandardMaterial3D_i2uvo"]
heightmap_enabled = true
detail_enabled = true
detail_blend_mode = 2
detail_uv_layer = 1
uv1_scale = Vector3(0.07, 0.07, 0.07)
uv1_triplanar = true
uv1_world_triplanar = true
uv2_triplanar = true
uv2_world_triplanar = true

[sub_resource type="StandardMaterial3D" id="StandardMaterial3D_4k2yu"]
albedo_color = Color(1, 0.803922, 1, 1)
detail_enabled = true
detail_blend_mode = 1
uv1_scale = Vector3(0.1, 0.1, 0.1)
uv1_triplanar = true
uv1_world_triplanar = true
uv2_scale = Vector3(0.4, 0.4, 0.4)
uv2_triplanar = true
uv2_world_triplanar = true

[sub_resource type="StandardMaterial3D" id="StandardMaterial3D_8dbgv"]
heightmap_enabled = true
detail_enabled = true
detail_blend_mode = 2
detail_uv_layer = 1
uv1_scale = Vector3(0.2, 0.2, 0.2)
uv1_triplanar = true
uv1_world_triplanar = true
uv2_triplanar = true
uv2_world_triplanar = true

[sub_resource type="StandardMaterial3D" id="StandardMaterial3D_jfk51"]
heightmap_enabled = true
detail_enabled = true
detail_blend_mode = 2
detail_uv_layer = 1
uv1_scale = Vector3(0.5, 0.5, 0.5)
uv1_triplanar = true
uv1_world_triplanar = true
uv2_triplanar = true
uv2_world_triplanar = true

[sub_resource type="StandardMaterial3D" id="StandardMaterial3D_qc7eo"]
heightmap_enabled = true
detail_enabled = true
detail_blend_mode = 2
detail_uv_layer = 1
uv1_scale = Vector3(0.05, 0.05, 0.05)
uv1_triplanar = true
uv1_world_triplanar = true
uv2_triplanar = true
uv2_world_triplanar = true

[sub_resource type="StandardMaterial3D" id="StandardMaterial3D_ai7hn"]
heightmap_enabled = true
detail_enabled = true
detail_uv_layer = 1
uv1_scale = Vector3(0.3, 0.3, 0.3)
uv1_triplanar = true
uv1_world_triplanar = true
uv2_triplanar = true
uv2_world_triplanar = true

[sub_resource type="StandardMaterial3D" id="StandardMaterial3D_ug5hg"]
albedo_color = Color(1, 0.803922, 1, 1)
detail_enabled = true
detail_blend_mode = 1
uv1_scale = Vector3(0.6, 0.6, 0.6)
uv1_triplanar = true
uv1_world_triplanar = true
uv2_scale = Vector3(0.4, 0.4, 0.4)
uv2_triplanar = true
uv2_world_triplanar = true

[sub_resource type="StandardMaterial3D" id="StandardMaterial3D_8n356"]
heightmap_enabled = true
detail_enabled = true
detail_blend_mode = 2
detail_uv_layer = 1
uv1_scale = Vector3(0.2, 0.2, 0.2)
uv1_triplanar = true
uv1_world_triplanar = true
uv2_triplanar = true
uv2_world_triplanar = true

[sub_resource type="StandardMaterial3D" id="StandardMaterial3D_fkb15"]
heightmap_enabled = true
detail_enabled = true
detail_blend_mode = 2
detail_uv_layer = 1
uv1_scale = Vector3(0.05, 0.05, 0.05)
uv1_triplanar = true
uv1_world_triplanar = true
uv2_triplanar = true
uv2_world_triplanar = true

[sub_resource type="StandardMaterial3D" id="StandardMaterial3D_oxoeu"]
albedo_color = Color(1, 0.803922, 1, 1)
detail_enabled = true
detail_blend_mode = 1
uv1_scale = Vector3(0.05, 0.05, 0.05)
uv1_triplanar = true
uv1_world_triplanar = true
uv2_scale = Vector3(0.4, 0.4, 0.4)
uv2_triplanar = true
uv2_world_triplanar = true

[sub_resource type="StandardMaterial3D" id="StandardMaterial3D_wvnn6"]
heightmap_enabled = true
detail_enabled = true
detail_uv_layer = 1
uv1_scale = Vector3(0.1, 0.1, 0.1)
uv1_triplanar = true
uv1_world_triplanar = true
uv2_triplanar = true
uv2_world_triplanar = true

[sub_resource type="StandardMaterial3D" id="StandardMaterial3D_mog2k"]
heightmap_enabled = true
detail_enabled = true
detail_blend_mode = 2
detail_uv_layer = 1
uv1_scale = Vector3(0.2, 0.2, 0.2)
uv1_triplanar = true
uv1_world_triplanar = true
uv2_triplanar = true
uv2_world_triplanar = true

[sub_resource type="StandardMaterial3D" id="StandardMaterial3D_kg4er"]
uv1_scale = Vector3(0.5, 0.5, 0.5)
uv1_triplanar = true
uv1_world_triplanar = true

[sub_resource type="StandardMaterial3D" id="StandardMaterial3D_0qkgq"]
heightmap_enabled = true
detail_enabled = true
detail_blend_mode = 2
detail_uv_layer = 1
uv1_scale = Vector3(0.3, 0.3, 0.3)
uv1_triplanar = true
uv1_world_triplanar = true
uv2_triplanar = true
uv2_world_triplanar = true

[sub_resource type="StandardMaterial3D" id="StandardMaterial3D_3di3u"]
albedo_color = Color(1, 0.4, 0.41, 1)
metallic = 1.0
uv1_triplanar = true
uv1_world_triplanar = true

[sub_resource type="StandardMaterial3D" id="StandardMaterial3D_jpox7"]
albedo_color = Color(1, 0.4, 0.41, 1)
metallic = 1.0
uv1_triplanar = true
uv1_world_triplanar = true

[sub_resource type="StandardMaterial3D" id="StandardMaterial3D_xwc1v"]
heightmap_enabled = true
detail_enabled = true
detail_uv_layer = 1
uv1_scale = Vector3(0.05, 0.05, 0.05)
uv1_triplanar = true
uv1_world_triplanar = true
uv2_triplanar = true
uv2_world_triplanar = true

[sub_resource type="StandardMaterial3D" id="StandardMaterial3D_drwyf"]
heightmap_enabled = true
detail_enabled = true
detail_blend_mode = 2
detail_uv_layer = 1
uv1_scale = Vector3(0.2, 0.2, 0.2)
uv1_triplanar = true
uv1_world_triplanar = true
uv2_triplanar = true
uv2_world_triplanar = true

[sub_resource type="StandardMaterial3D" id="StandardMaterial3D_idsdt"]
transparency = 1
cull_mode = 2
albedo_color = Color(0.540988, 0.000376382, 0.585057, 0.427451)
uv1_scale = Vector3(0.2, 0.2, 0.2)
uv1_triplanar = true
uv1_world_triplanar = true

[sub_resource type="StandardMaterial3D" id="StandardMaterial3D_gajpo"]
albedo_color = Color(1, 0.4, 0.41, 1)
metallic = 1.0
uv1_triplanar = true
uv1_world_triplanar = true

[node name="Chapel Outskirts" type="Node3D"]

[node name="WorldEnvironment" type="WorldEnvironment" parent="."]
environment = SubResource("Environment_ltn51")

[node name="DirectionalLight3D2" type="DirectionalLight3D" parent="WorldEnvironment"]
transform = Transform3D(0.439517, -0.844331, -0.306481, -0.00639653, -0.344137, 0.938898, -0.898211, -0.410701, -0.156655, 28.148, 80.58, -43)
light_color = Color(0.310969, 0.250699, 0.515343, 1)
light_energy = 3.0
shadow_enabled = true

[node name="DirectionalLight3D3" type="DirectionalLight3D" parent="WorldEnvironment"]
transform = Transform3D(0.471966, -0.87646, -0.0952096, 0.55579, 0.211967, 0.803845, -0.684357, -0.432305, 0.58717, 71.25, 88.0162, -110.766)
light_color = Color(0.134824, 0.324586, 0.435189, 1)
light_energy = 6.0
shadow_enabled = true

[node name="DirectionalLight3D" type="DirectionalLight3D" parent="WorldEnvironment"]
transform = Transform3D(1, 0, 0, 0, 0.920968, 0.389638, 0, -0.389638, 0.920968, 63.9586, 52.6405, 322.246)
light_color = Color(1, 1, 0.792157, 1)
light_volumetric_fog_energy = 0.5
shadow_enabled = true

[node name="SpotLight3D" type="SpotLight3D" parent="WorldEnvironment"]
transform = Transform3D(1, 0, 0, 0, 0.866025, 0.5, 0, -0.5, 0.866025, 0, 8, 38)
light_color = Color(0.862745, 0.847059, 0.713726, 1)
light_energy = 16.0
spot_range = 36.0
spot_angle = 10.0

[node name="SpotLight3D2" type="SpotLight3D" parent="WorldEnvironment"]
transform = Transform3D(0.948041, 0.0817317, -0.30747, 0.318009, -0.21491, 0.923409, 0.00939332, -0.973208, -0.229735, 54.7065, 50.2667, -98.39)
light_energy = 16.0
light_volumetric_fog_energy = 16.0
shadow_enabled = true
spot_range = 51.1988
spot_angle = 32.473

[node name="SpotLight3D3" type="SpotLight3D" parent="WorldEnvironment"]
transform = Transform3D(0.668657, 0.0486328, -0.741979, 0.737935, 0.0792287, 0.670205, 0.09138, -0.995669, 0.0170889, 22.7065, 27.2667, -106.634)
light_energy = 16.0
light_volumetric_fog_energy = 16.0
shadow_enabled = true
spot_range = 51.1988
spot_angle = 32.473

[node name="DirectionalLight3D4" type="DirectionalLight3D" parent="WorldEnvironment"]
transform = Transform3D(1, 0, 0, 0, -0.00586427, 0.999983, 0, -0.999983, -0.00586427, 96.1586, 89.4304, -36.4305)
light_energy = 0.3
light_volumetric_fog_energy = 0.0
sky_mode = 1

[node name="Player" parent="." instance=ExtResource("2_5oqqy")]
transform = Transform3D(-1, 0, 5.96046e-08, 0, 1, 0, -5.96046e-08, 0, -1, 62.3351, 15.963, -87.7325)

[node name="Cliffs" type="Node" parent="."]

[node name="Collision" type="Node" parent="Cliffs"]

[node name="CSGBox3D" type="CSGBox3D" parent="Cliffs/Collision"]
transform = Transform3D(1, 0, 0, 0, 1, 0, 0, 0, 1, 65.6193, 8.55432, -88.559)
use_collision = true
size = Vector3(32.9446, 6.692, 36.0635)
material = ExtResource("3_3tw40")

[node name="CSGBox3D" type="CSGBox3D" parent="Cliffs/Collision/CSGBox3D"]
transform = Transform3D(0.905191, 0, -0.425005, 0, 1, 0, 0.425005, 0, 0.905191, -1.92628, 2.9439, 18.3717)
operation = 2
size = Vector3(4.65381, 5.02808, 2.36963)
material = ExtResource("4_c1bdb")

[node name="CSGBox3D2" type="CSGBox3D" parent="Cliffs/Collision/CSGBox3D"]
transform = Transform3D(0.707107, 0.707107, 0, -0.707107, 0.707107, 0, 0, 0, 1, 16.2001, 3.1214, 10.0254)
operation = 2
size = Vector3(4, 2, 17)
material = SubResource("StandardMaterial3D_n83ly")

[node name="CSGBox3D3" type="CSGBox3D" parent="Cliffs/Collision/CSGBox3D"]
transform = Transform3D(-3.09086e-08, -3.09086e-08, -1, -0.707107, 0.707107, 0, 0.707107, 0.707107, -4.37114e-08, 9.20009, 3.1214, 18.0254)
operation = 2
size = Vector3(4, 2, 17)
material = SubResource("StandardMaterial3D_n83ly")

[node name="CSGBox3D12" type="CSGBox3D" parent="Cliffs/Collision"]
transform = Transform3D(1, 0, 0, 0, 1, 0, 0, 0, 1, 80.8028, 1.56572, -86.9893)
use_collision = true
size = Vector3(9.15112, 16.8394, 12.5016)
material = ExtResource("7_mjbn1")

[node name="CSGBox3D24" type="CSGBox3D" parent="Cliffs/Collision/CSGBox3D12"]
transform = Transform3D(1, 0, 0, 0, 1, 0, 0, 0, 1, 4.35809, 8.41486, 4.09168)
operation = 2
use_collision = true
size = Vector3(2.01135, 0.975284, 5.41889)
material = ExtResource("8_skb1l")

[node name="CSGBox3D25" type="CSGBox3D" parent="Cliffs/Collision"]
transform = Transform3D(0.958582, 0, 0.284819, 0, 1, 0, -0.284819, 0, 0.958582, 82.8105, 2.56956, -59.3825)
use_collision = true
size = Vector3(1.896, 23.2792, 12.2513)
material = SubResource("StandardMaterial3D_i2uvo")

[node name="CSGBox3D58" type="CSGBox3D" parent="Cliffs/Collision"]
transform = Transform3D(0.978343, 0, -0.20699, 0, 1, 0, 0.20699, 0, 0.978343, 78.0683, -2.25349, -60.1816)
use_collision = true
size = Vector3(6.83907, 2.22025, 6.89518)
material = SubResource("StandardMaterial3D_i2uvo")

[node name="CSGBox3D59" type="CSGBox3D" parent="Cliffs/Collision"]
transform = Transform3D(0.862911, 0, -0.505356, 0, 1, 0, 0.505356, 0, 0.862911, 76.1307, -8.87733, -65.6485)
use_collision = true
size = Vector3(1.27947, 15.1516, 2.21483)
material = SubResource("StandardMaterial3D_4k2yu")

[node name="CSGBox3D26" type="CSGBox3D" parent="Cliffs/Collision"]
transform = Transform3D(1, 0, 0, 0, 1, 0, 0, 0, 1, 106.806, 1.93733, -73.172)
use_collision = true
size = Vector3(5.5614, 16.3379, 39.359)
material = SubResource("StandardMaterial3D_8dbgv")

[node name="CSGBox3D65" type="CSGBox3D" parent="Cliffs/Collision"]
transform = Transform3D(1, 0, 0, 0, 1, 0, 0, 0, 1, 107.63, 1.32234, -102.364)
use_collision = true
size = Vector3(7.20868, 17.5679, 10.0351)
material = SubResource("StandardMaterial3D_jfk51")

[node name="CSGBox3D66" type="CSGBox3D" parent="Cliffs/Collision"]
transform = Transform3D(1, 0, 0, 0, 1, 0, 0, 0, 1, 115.087, -0.2428, -108.997)
use_collision = true
size = Vector3(11.8165, 16.3379, 11.6151)
material = SubResource("StandardMaterial3D_jfk51")

[node name="CSGBox3D67" type="CSGBox3D" parent="Cliffs/Collision"]
transform = Transform3D(1, 0, 0, 0, 1, 0, 0, 0, 1, 128.651, 15.4816, -111.046)
use_collision = true
size = Vector3(18.4727, 50.5444, 6)
material = SubResource("StandardMaterial3D_qc7eo")

[node name="CSGBox3D74" type="CSGBox3D" parent="Cliffs/Collision"]
transform = Transform3D(0.989226, 0, 0.146394, 0, 1, 0, -0.146394, 0, 0.989226, 139.56, 13.0278, -90.9805)
use_collision = true
size = Vector3(5.78043, 45.6369, 41.8024)
material = ExtResource("14_5e0j6")

[node name="CSGBox3D75" type="CSGBox3D" parent="Cliffs/Collision"]
transform = Transform3D(0.989226, 0, 0.146394, -0.0411394, 0.959702, 0.277991, -0.140494, -0.281018, 0.949363, 145.032, -3.27251, -67.3325)
use_collision = true
size = Vector3(12.8199, 13.0362, 14.6063)
material = SubResource("StandardMaterial3D_ai7hn")

[node name="CSGBox3D76" type="CSGBox3D" parent="Cliffs/Collision"]
transform = Transform3D(0.93132, -0.118581, 0.344358, -0.0734866, 0.86488, 0.496571, -0.356712, -0.487772, 0.796766, 177.069, 11.6869, -24.3722)
use_collision = true
size = Vector3(19.3269, 43.7709, 97.4062)
material = SubResource("StandardMaterial3D_ai7hn")

[node name="CSGBox3D68" type="CSGBox3D" parent="Cliffs/Collision"]
transform = Transform3D(1, 0, 0, 0, 1, 0, 0, 0, 1, 85.0548, 15.4816, -114.535)
use_collision = true
size = Vector3(102.93, 50.5444, 3.83537)
material = ExtResource("14_5e0j6")

[node name="CSGBox3D27" type="CSGBox3D" parent="Cliffs/Collision"]
transform = Transform3D(1, 0, 0, 0, 1, 0, 0, 0, 1, 96.2159, 4.5795, -94.4802)
use_collision = true
size = Vector3(24.4098, 21.8806, 18.2196)
material = SubResource("StandardMaterial3D_jfk51")

[node name="CSGBox3D8" type="CSGBox3D" parent="Cliffs/Collision"]
transform = Transform3D(1, 0, 0, 0, 1, 0, 0, 0, 1, 57.4114, 9.72585, -89.2031)
use_collision = true
size = Vector3(16.3645, 8.57872, 34.7753)
material = SubResource("StandardMaterial3D_n83ly")

[node name="CSGBox3D" type="CSGBox3D" parent="Cliffs/Collision/CSGBox3D8"]
transform = Transform3D(0.634987, -0.772523, 0, 0.772523, 0.634987, 0, 0, 0, 1, 7.92799, 3.81958, 3.37433)
operation = 2
size = Vector3(1.22754, 3.62183, 28.0846)
material = SubResource("StandardMaterial3D_n83ly")

[node name="CSGBox3D85" type="CSGBox3D" parent="Cliffs/Collision"]
transform = Transform3D(0.0150093, 0, -0.999887, 0, 1, 0, 0.999887, 0, 0.0150093, 74.5752, -18.7502, -63.195)
use_collision = true
size = Vector3(6.24846, 2.81686, 8.21285)
material = ExtResource("3_3tw40")

[node name="CSGBox3D86" type="CSGBox3D" parent="Cliffs/Collision"]
transform = Transform3D(0.0150093, 0, -0.999887, 0, 1, 0, 0.999887, 0, 0.0150093, 72.5507, -17.1764, -63.071)
use_collision = true
size = Vector3(2.89718, 2.81686, 4.16062)
material = ExtResource("3_3tw40")

[node name="CSGBox3D87" type="CSGBox3D" parent="Cliffs/Collision"]
transform = Transform3D(-0.729566, 0, -0.683911, 0, 1, 0, 0.683911, 0, -0.729566, 78.4446, -14.1364, -63.7308)
use_collision = true
size = Vector3(4.67687, 1.59581, 4.85082)
material = ExtResource("3_3tw40")

[node name="CSGBox3D88" type="CSGBox3D" parent="Cliffs/Collision"]
transform = Transform3D(-0.729566, 0, -0.683911, 0, 1, 0, 0.683911, 0, -0.729566, 77.6676, -12.1621, -59.8465)
use_collision = true
size = Vector3(11.1236, 5.54443, 4.56183)
material = ExtResource("3_3tw40")

[node name="CSGBox3D73" type="CSGBox3D" parent="Cliffs/Collision"]
transform = Transform3D(1, 0, 0, 0, 1, 0, 0, 0, 1, 39.3703, -3.06351, -98.2031)
use_collision = true
size = Vector3(16.4467, 13, 34.7753)
material = ExtResource("15_cat18")

[node name="CSGBox3D7" type="CSGBox3D" parent="Cliffs/Collision"]
transform = Transform3D(1, 0, 0, 0, 1, 0, 0, 0, 1, 70.9519, 6.15189, -83.8477)
use_collision = true
size = Vector3(41.9193, 4.37749, 37.5753)
material = SubResource("StandardMaterial3D_n83ly")

[node name="SpawnGround" type="CSGBox3D" parent="Cliffs/Collision"]
transform = Transform3D(1, 0, 0, 0, 1, 0, 0, 0, 1, 87.0126, -12.9584, -72.9204)
use_collision = true
size = Vector3(42.8672, 14.4739, 32.1061)
material = SubResource("StandardMaterial3D_n83ly")

[node name="CSGCylinder3D" type="CSGCylinder3D" parent="Cliffs/Collision/SpawnGround"]
transform = Transform3D(0.967028, 0, -0.254669, 0, 1, 0, 0.254669, 0, 0.967028, -11.1637, 6.12939, 6.9165)
operation = 2
radius = 5.59094
height = 3.69794
sides = 5
material = ExtResource("16_gocii")

[node name="CSGBox3D" type="CSGBox3D" parent="Cliffs/Collision/SpawnGround/CSGCylinder3D"]
transform = Transform3D(0.999943, 0, 0.0115357, 0, 1, 0, -0.0115357, 0, 0.999943, -4.20167, -1.23011, -0.406918)
operation = 2
size = Vector3(1.91907, 1.96777, 8.38019)
material = SubResource("StandardMaterial3D_ug5hg")

[node name="CSGCylinder3D2" type="CSGCylinder3D" parent="Cliffs/Collision/SpawnGround"]
transform = Transform3D(0.967028, 0, -0.254669, 0, 1, 0, 0.254669, 0, 0.967028, 8.34982, 4.29756, 8.65324)
operation = 2
radius = 4.78095
height = 7.83983
sides = 5
material = ExtResource("16_gocii")

[node name="CSGCylinder3D4" type="CSGCylinder3D" parent="Cliffs/Collision/SpawnGround"]
transform = Transform3D(0.967028, 0, -0.254669, 0, 1, 0, 0.254669, 0, 0.967028, -11.9984, -2.57579, 12.9319)
operation = 2
radius = 4.12587
height = 8.66962
sides = 5
material = ExtResource("16_gocii")

[node name="CSGCylinder3D5" type="CSGCylinder3D" parent="Cliffs/Collision/SpawnGround"]
transform = Transform3D(0.967028, 0, -0.254669, 0, 1, 0, 0.254669, 0, 0.967028, -11.9984, 1.52512, 10.4537)
operation = 2
radius = 4.12587
height = 5.8728
sides = 5
material = ExtResource("16_gocii")

[node name="CSGCylinder3D6" type="CSGCylinder3D" parent="Cliffs/Collision/SpawnGround"]
transform = Transform3D(0.967028, 0, -0.254669, 0, 1, 0, 0.254669, 0, 0.967028, -9.12981, 3.03476, 8.99819)
operation = 2
radius = 2.28096
height = 2.86534
sides = 5
material = ExtResource("16_gocii")

[node name="CSGCylinder3D3" type="CSGCylinder3D" parent="Cliffs/Collision/SpawnGround"]
transform = Transform3D(0.128153, 0.93107, 0.341594, 0.462203, 0.248671, -0.851194, -0.877465, 0.266969, -0.398475, 14.866, 2, 9.68243)
operation = 2
radius = 1.48907
height = 7.54977
sides = 5
material = ExtResource("16_gocii")

[node name="CSGBox3D" type="CSGBox3D" parent="Cliffs/Collision/SpawnGround"]
transform = Transform3D(0.896393, 0.336011, -0.289095, -0.319791, 0.941858, 0.103136, 0.306941, 0, 0.951728, -3.27093, 1.82393, 6.60645)
operation = 2
size = Vector3(19.6444, 4.65002, 2.29639)
material = ExtResource("16_gocii")

[node name="CSGBox3D39" type="CSGBox3D" parent="Cliffs/Collision"]
transform = Transform3D(1, 0, 0, 0, 1, 0, 0, 0, 1, 55.3762, -6.30902, -70.0289)
use_collision = true
size = Vector3(27.0414, 6.87967, 34.2378)
material = ExtResource("3_3tw40")

[node name="CSGBox3D60" type="CSGBox3D" parent="Cliffs/Collision"]
transform = Transform3D(0.979063, 0, -0.203556, 0, 1, 0, 0.203556, 0, 0.979063, 66.6475, -5.75495, -57.599)
use_collision = true
size = Vector3(6.97667, 3.54352, 6.38355)
material = SubResource("StandardMaterial3D_8n356")

[node name="CSGBox3D89" type="CSGBox3D" parent="Cliffs/Collision"]
transform = Transform3D(0.979063, 0, -0.203556, 0, 1, 0, 0.203556, 0, 0.979063, 70.4041, -4.74965, -60.3478)
use_collision = true
size = Vector3(5.5057, 2.62025, 1.59052)
material = SubResource("StandardMaterial3D_i2uvo")

[node name="CSGBox3D41" type="CSGBox3D" parent="Cliffs/Collision"]
transform = Transform3D(0.985384, 0, 0.170347, 0, 1, 0, -0.170347, 0, 0.985384, 75.422, -4.74243, -55.2597)
use_collision = true
size = Vector3(15.3303, 10.0129, 5.04028)
material = SubResource("StandardMaterial3D_8n356")

[node name="CSGBox3D40" type="CSGBox3D" parent="Cliffs/Collision"]
transform = Transform3D(1, 0, 0, 0, 1, 0, 0, 0, 1, 63.1405, -1.04768, -86.0506)
use_collision = true
size = Vector3(30.056, 11.4103, 2.85791)
material = SubResource("StandardMaterial3D_i2uvo")

[node name="CSGBox3D16" type="CSGBox3D" parent="Cliffs/Collision"]
transform = Transform3D(1, 0, 0, 0, 1, 0, 0, 0, 1, 79.1919, 1.30731, -70.7872)
use_collision = true
size = Vector3(9.13538, 6.30447, 32.3052)
material = SubResource("StandardMaterial3D_ai7hn")

[node name="CSGBox3D48" type="CSGBox3D" parent="Cliffs/Collision"]
transform = Transform3D(1, 0, 0, 0, 1, 0, 0, 0, 1, 75.5545, -0.314099, -70.8937)
use_collision = true
size = Vector3(9.13538, 0.753025, 32.5181)
material = SubResource("StandardMaterial3D_i2uvo")

[node name="CSGBox3D56" type="CSGBox3D" parent="Cliffs/Collision"]
transform = Transform3D(0.968882, 0, -0.247523, 0, 1, 0, 0.247523, 0, 0.968882, 51.3279, -1.79889, -83.9345)
use_collision = true
size = Vector3(5.45099, 3.7226, 7.04706)
material = SubResource("StandardMaterial3D_4k2yu")

[node name="CSGBox3D57" type="CSGBox3D" parent="Cliffs/Collision"]
transform = Transform3D(0.938022, 0, -0.346575, 0, 1, 0, 0.346575, 0, 0.938022, 45.6753, -2.31341, -76.0521)
use_collision = true
size = Vector3(6.623, 3.7226, 13.6669)
material = SubResource("StandardMaterial3D_4k2yu")

[node name="CSGBox3D52" type="CSGBox3D" parent="Cliffs/Collision"]
transform = Transform3D(0.984279, 0, 0.176621, 0, 1, 0, -0.176621, 0, 0.984279, 63.6682, -1.4143, -63.9684)
use_collision = true
size = Vector3(15.1415, 4.32897, 11.3331)
material = SubResource("StandardMaterial3D_i2uvo")

[node name="CSGBox3D81" type="CSGBox3D" parent="Cliffs/Collision"]
transform = Transform3D(0.984279, 0, 0.176621, 0, 1, 0, -0.176621, 0, 0.984279, 64.2789, -10.5531, -53.6391)
use_collision = true
size = Vector3(8.09592, 19.2063, 3.65542)
material = SubResource("StandardMaterial3D_ai7hn")

[node name="CSGBox3D92" type="CSGBox3D" parent="Cliffs/Collision"]
transform = Transform3D(0.984279, 0, 0.176621, 0, 1, 0, -0.176621, 0, 0.984279, 40.7553, -10.5531, -53.3657)
use_collision = true
size = Vector3(5, 19.2063, 3.65542)
material = SubResource("StandardMaterial3D_8n356")

[node name="CSGBox3D95" type="CSGBox3D" parent="Cliffs/Collision"]
transform = Transform3D(0.999917, 0, -0.0128976, 0, 1, 0, 0.0128976, 0, 0.999917, 37.5539, -5.20526, -77.424)
use_collision = true
size = Vector3(9.08972, 2.51818, 7.98002)
material = SubResource("StandardMaterial3D_8n356")

[node name="CSGBox3D84" type="CSGBox3D" parent="Cliffs/Collision"]
transform = Transform3D(0.0072779, 0, 0.999974, 0, 1, 0, -0.999974, 0, 0.0072779, 64.9687, -15.3826, -47.5764)
use_collision = true
size = Vector3(20.2208, 10.6097, 3.65542)
material = SubResource("StandardMaterial3D_ai7hn")

[node name="CSGBox3D94" type="CSGBox3D" parent="Cliffs/Collision"]
transform = Transform3D(0.830962, -0.556296, -0.00604786, 0.556281, 0.830984, -0.00404865, 0.0072779, -5.83977e-08, 0.999974, 60.6953, -20.8099, -45.5356)
use_collision = true
size = Vector3(14.2081, 12, 14)
material = ExtResource("3_3tw40")

[node name="CSGBox3D90" type="CSGBox3D" parent="Cliffs/Collision"]
transform = Transform3D(0.999973, 0, -0.00727791, 0, 1, 0, 0.00727791, 0, 0.999973, 55.9687, -15.1874, -85.5764)
use_collision = true
size = Vector3(20.2208, 11, 3.65542)
material = SubResource("StandardMaterial3D_8n356")

[node name="CSGBox3D96" type="CSGBox3D" parent="Cliffs/Collision"]
transform = Transform3D(0.158968, 0, -0.987284, 0, 1, 0, 0.987284, 0, 0.158968, 63.8156, -15.1874, -70.0778)
use_collision = true
size = Vector3(31.4994, 11, 3.65542)
material = SubResource("StandardMaterial3D_8n356")

[node name="CSGBox3D93" type="CSGBox3D" parent="Cliffs/Collision"]
transform = Transform3D(0.999973, 0, -0.00727791, -0.00727791, -4.37114e-08, -0.999973, -3.18127e-10, 1, -4.37102e-08, 76.8591, -11.1561, -91.5764)
use_collision = true
size = Vector3(64, 11, 4.0367)
material = SubResource("StandardMaterial3D_8n356")

[node name="CSGBox3D91" type="CSGBox3D" parent="Cliffs/Collision"]
transform = Transform3D(0.00727786, 0, 0.999973, 0, 1, 0, -0.999973, 0, 0.00727786, 31.8349, -12.6874, -67.1873)
use_collision = true
size = Vector3(61, 16, 3.65542)
material = SubResource("StandardMaterial3D_8n356")

[node name="CSGBox3D47" type="CSGBox3D" parent="Cliffs/Collision"]
transform = Transform3D(0.947154, 0, 0.320778, 0, 1, 0, -0.320778, 0, 0.947154, 77.2629, 2.81609, -61.3877)
use_collision = true
size = Vector3(1.73599, 7.0204, 7.52962)
material = SubResource("StandardMaterial3D_ai7hn")

[node name="CSGBox3D2" type="CSGBox3D" parent="Cliffs/Collision"]
transform = Transform3D(0.765674, 0, 0.643229, 0, 1, 0, -0.643229, 0, 0.765674, 54.8493, 25.1952, -101.14)
use_collision = true
size = Vector3(19.7691, 27.4927, 6.66699)
material = ExtResource("17_3tqej")

[node name="CSGBox3D3" type="CSGBox3D" parent="Cliffs/Collision"]
transform = Transform3D(0.999438, 0, -0.0335389, 0, 1, 0, 0.0335389, 0, 0.999438, 71.0853, 10.2551, -104.132)
use_collision = true
size = Vector3(22.209, 51, 6.66699)
material = SubResource("StandardMaterial3D_fkb15")

[node name="CSGBox3D73" type="CSGBox3D" parent="Cliffs/Collision/CSGBox3D3"]
transform = Transform3D(0.866034, 0, 0.500006, 0, 1, 0, -0.500006, 0, 0.866034, -6.52149, -17.5, -0.472771)
operation = 2
use_collision = true
size = Vector3(13, 16, 4)
material = SubResource("StandardMaterial3D_fkb15")

[node name="CSGBox3D74" type="CSGBox3D" parent="Cliffs/Collision/CSGBox3D3"]
transform = Transform3D(0.866045, 0, 0.500012, 0, 1, 0, -0.500012, 0, 0.866045, -6.1555, -17.5, -2.7216)
operation = 2
use_collision = true
size = Vector3(4, 16, 4)
material = SubResource("StandardMaterial3D_fkb15")

[node name="CSGBox3D75" type="CSGBox3D" parent="Cliffs/Collision/CSGBox3D3"]
transform = Transform3D(0.866045, 0, 0.500012, 0, 1, 0, -0.500012, 0, 0.866045, -8.95258, -17.5, 3.37566)
operation = 2
use_collision = true
size = Vector3(4, 16, 4)
material = SubResource("StandardMaterial3D_fkb15")

[node name="CSGBox3D10" type="CSGBox3D" parent="Cliffs/Collision"]
transform = Transform3D(0.999438, 0, -0.0335389, 0, 1, 0, 0.0335389, 0, 0.999438, 71.385, 36.7363, -90.2712)
use_collision = true
size = Vector3(20.6802, 3, 34.3521)
material = SubResource("StandardMaterial3D_oxoeu")

[node name="CSGBox3D21" type="CSGBox3D" parent="Cliffs/Collision/CSGBox3D10"]
transform = Transform3D(1.00002, 0, 7.45058e-09, 0, 1, 0, -7.45058e-09, 0, 1.00002, 9.76237, -1.42704, 6.89491)
operation = 2
use_collision = true
size = Vector3(1.75504, 3, 23.2311)
material = ExtResource("8_skb1l")

[node name="CSGBox3D22" type="CSGBox3D" parent="Cliffs/Collision/CSGBox3D10"]
transform = Transform3D(1.00003, 0, 4.47035e-08, 0, 1, 0, -4.47035e-08, 0, 1.00003, 1.65081, 1.24234, 7.11013)
operation = 2
use_collision = true
size = Vector3(5.15389, 3, 23.2311)
material = ExtResource("8_skb1l")

[node name="CSGBox3D11" type="CSGBox3D" parent="Cliffs/Collision"]
transform = Transform3D(0.951164, 0, 0.308685, 0, 1, 0, -0.308685, 0, 0.951164, 43.1881, 37.2363, -95.9041)
use_collision = true
size = Vector3(20.6802, 4, 46.1963)
material = ExtResource("17_3tqej")

[node name="CSGBox3D21" type="CSGBox3D" parent="Cliffs/Collision"]
transform = Transform3D(0.951164, 0, 0.308685, 0, 1, 0, -0.308685, 0, 0.951164, 34.0478, 31.5945, -93.4701)
use_collision = true
size = Vector3(4.90992, 7.50146, 46.1963)
material = ExtResource("17_3tqej")

[node name="CSGBox3D23" type="CSGBox3D" parent="Cliffs/Collision"]
transform = Transform3D(0.951164, 0, 0.308685, 0, 1, 0, -0.308685, 0, 0.951164, 34.0305, 9.97371, -100.698)
use_collision = true
size = Vector3(9.33924, 16.7151, 32.436)
material = ExtResource("17_3tqej")

[node name="CSGBox3D4" type="CSGBox3D" parent="Cliffs/Collision"]
transform = Transform3D(0.382683, 0, 0.92388, 0, 1, 0, -0.92388, 0, 0.382683, 45.796, 13.7429, -85.7299)
use_collision = true
size = Vector3(21.8702, 44.0245, 10.4751)
material = SubResource("StandardMaterial3D_i2uvo")

[node name="CSGBox3D42" type="CSGBox3D" parent="Cliffs/Collision"]
transform = Transform3D(1, 0, 0, 0, 1, 0, 0, 0, 1, 41.6834, 16.2483, -69.4105)
use_collision = true
size = Vector3(2.86794, 40.355, 26.8426)
material = SubResource("StandardMaterial3D_8n356")

[node name="CSGBox3D79" type="CSGBox3D" parent="Cliffs/Collision"]
transform = Transform3D(0.756801, 0, 0.653645, 0, 1, 0, -0.653645, 0, 0.756801, 44.3258, 30.7487, -54.5148)
use_collision = true
size = Vector3(2.86794, 11.3332, 10.5176)
material = SubResource("StandardMaterial3D_8n356")

[node name="CSGBox3D83" type="CSGBox3D" parent="Cliffs/Collision"]
transform = Transform3D(0.756801, 0, 0.653645, 0, 1, 0, -0.653645, 0, 0.756801, 53.4836, 32.2883, -54.5852)
use_collision = true
size = Vector3(13.2858, 9.56788, 1.70602)
material = SubResource("StandardMaterial3D_8n356")

[node name="CSGBox3D84" type="CSGBox3D" parent="Cliffs/Collision/CSGBox3D83"]
transform = Transform3D(1, 0, 2.98023e-08, 0, 1, 0, -2.98023e-08, 0, 1, 0.0774384, -2.18698, 0.0857658)
operation = 2
use_collision = true
size = Vector3(10.0442, 2.41876, 2.40197)
material = SubResource("StandardMaterial3D_8n356")

[node name="CSGBox3D44" type="CSGBox3D" parent="Cliffs/Collision"]
transform = Transform3D(-0.726371, 0, -0.687303, 0, 1, 0, 0.687303, 0, -0.726371, 45.566, 10.6972, -55.4596)
use_collision = true
size = Vector3(2.86794, 30.5288, 11.8572)
material = SubResource("StandardMaterial3D_8n356")

[node name="CSGBox3D77" type="CSGBox3D" parent="Cliffs/Collision"]
transform = Transform3D(-0.726371, 0, -0.687303, 0, 1, 0, 0.687303, 0, -0.726371, 54.4777, 24.9616, -62.4169)
use_collision = true
size = Vector3(30.6222, 6, 14)
material = SubResource("StandardMaterial3D_4k2yu")

[node name="CSGBox3D98" type="CSGBox3D" parent="Cliffs/Collision/CSGBox3D77"]
transform = Transform3D(0.976296, 0, 0.21644, 0, 1, 0, -0.21644, 0, 0.976296, 3.61056, 2.97613, 6.35547)
operation = 2
use_collision = true
size = Vector3(25.566, 0.359253, 4.0838)
material = ExtResource("8_skb1l")

[node name="CSGBox3D99" type="CSGBox3D" parent="Cliffs/Collision/CSGBox3D77"]
transform = Transform3D(0.999365, 0, 0.0356321, 0, 1, 0, -0.0356321, 0, 0.999365, 2.75629, 2.29275, 8.21303)
operation = 2
use_collision = true
size = Vector3(25.566, 1.72601, 4.0838)
material = ExtResource("8_skb1l")

[node name="CSGBox3D100" type="CSGBox3D" parent="Cliffs/Collision/CSGBox3D77"]
transform = Transform3D(0.919526, 0, 0.393027, 0, 1, 0, -0.393027, 0, 0.919526, -10.3493, -1.37712, -6.76201)
operation = 2
use_collision = true
size = Vector3(15.822, 4.814, 5.67822)
material = ExtResource("8_skb1l")

[node name="CSGBox3D101" type="CSGBox3D" parent="Cliffs/Collision/CSGBox3D77"]
transform = Transform3D(-0.731556, 0, -0.681781, 0, 1, 0, 0.681781, 0, -0.731556, 15.1598, 2.30903, -7.07634)
operation = 2
use_collision = true
size = Vector3(3.56731, 6.05348, 4.54578)
material = ExtResource("8_skb1l")

[node name="CSGBox3D45" type="CSGBox3D" parent="Cliffs/Collision"]
transform = Transform3D(0.551457, 0, -0.834204, 0, 1, 0, 0.834204, 0, 0.551457, 53.5196, 9.07284, -55.8548)
use_collision = true
size = Vector3(2.86794, 27.28, 11.8572)
material = SubResource("StandardMaterial3D_8n356")

[node name="CSGBox3D46" type="CSGBox3D" parent="Cliffs/Collision"]
transform = Transform3D(0.984998, 0, -0.172565, 0, 1, 0, 0.172565, 0, 0.984998, 57.4803, 7.68991, -62.4489)
use_collision = true
size = Vector3(2.86794, 24.5142, 8.12982)
material = SubResource("StandardMaterial3D_wvnn6")

[node name="CSGBox3D53" type="CSGBox3D" parent="Cliffs/Collision"]
transform = Transform3D(0.439108, 0, 0.898434, 0, 1, 0, -0.898434, 0, 0.439108, 67.1468, 2.06379, -65.7969)
use_collision = true
size = Vector3(1.35829, 5.10945, 2.33005)
material = SubResource("StandardMaterial3D_4k2yu")

[node name="CSGBox3D54" type="CSGBox3D" parent="Cliffs/Collision"]
transform = Transform3D(0.984093, 0, -0.177652, 0, 1, 0, 0.177652, 0, 0.984093, 71.4563, 2.06379, -67.248)
use_collision = true
size = Vector3(1.35829, 5.10945, 1.23925)
material = SubResource("StandardMaterial3D_4k2yu")

[node name="CSGBox3D63" type="CSGBox3D" parent="Cliffs/Collision"]
transform = Transform3D(1, 0, 0, 0, 1, 0, 0, 0, 1, 70.8092, 0.0498438, -74.1152)
use_collision = true
size = Vector3(1.61774, 1.08156, 21.554)
material = SubResource("StandardMaterial3D_ai7hn")

[node name="CSGBox3D62" type="CSGBox3D" parent="Cliffs/Collision"]
transform = Transform3D(0.999999, 0, 0.00120431, 0, 1, 0, -0.00120431, 0, 0.999999, 71.2468, 2.26688, -76.2226)
use_collision = true
size = Vector3(0.228488, 3.64756, 17.2036)
material = ExtResource("18_f48xc")

[node name="CSGBox3D55" type="CSGBox3D" parent="Cliffs/Collision"]
transform = Transform3D(0.806991, 0, 0.590563, 0, 1, 0, -0.590563, 0, 0.806991, 62.4652, 3.31872, -65.1971)
use_collision = true
size = Vector3(0.713324, 7.6193, 2.54296)
material = SubResource("StandardMaterial3D_4k2yu")

[node name="CSGBox3D43" type="CSGBox3D" parent="Cliffs/Collision"]
transform = Transform3D(0.98187, 0, 0.189558, 0, 1, 0, -0.189558, 0, 0.98187, 49.4258, 11.8968, -62.4932)
use_collision = true
size = Vector3(15.6579, 3.10212, 3.35828)
material = SubResource("StandardMaterial3D_4k2yu")

[node name="CSGBox3D5" type="CSGBox3D" parent="Cliffs/Collision"]
transform = Transform3D(0.904321, 0, 0.426853, 0, 1, 0, -0.426853, 0, 0.904321, 80.8442, 6.2423, -96.7613)
use_collision = true
size = Vector3(13.3971, 36, 19.981)
material = SubResource("StandardMaterial3D_mog2k")

[node name="CSGSphere3D" type="CSGSphere3D" parent="Cliffs/Collision/CSGBox3D5"]
transform = Transform3D(1, 0, -2.98023e-08, 0, 1, 0, 2.98023e-08, 0, 1, -6.36624, 18.2109, 8.45887)
operation = 2
radius = 3.03533
radial_segments = 6
rings = 4
material = SubResource("StandardMaterial3D_kg4er")

[node name="CSGPolygon3D" type="CSGPolygon3D" parent="Cliffs/Collision/CSGBox3D5"]
transform = Transform3D(0.044297, -0.0112174, -0.998958, -0.166196, -0.986087, 0.00370263, -0.985101, 0.165858, -0.0455451, -7.21916, 9.87944, 0.150738)
operation = 2
polygon = PackedVector2Array(0.0092926, 0.56292, -2.2971, 0.455475, -2.51648, 1.22237, -5.67204, -1.98869, -7.35745, -5.95306, -9.32197, -3.99419, -1.90121, 2.67572, -1.91714, 1.24501, 0, 1, -0.657082, 4.45434, 0.32233, 4.27321, 1, 1, 1, 0, 4.97436, -6.78622, 2.97814, -5.31957, 0.0501518, -0.554125)
depth = 2.0
material = SubResource("StandardMaterial3D_kg4er")

[node name="CSGBox3D69" type="CSGBox3D" parent="Cliffs/Collision"]
transform = Transform3D(0.945513, 0, 0.325585, 0, 1, 0, -0.325585, 0, 0.945513, 85.7685, 16.2085, -101.362)
use_collision = true
size = Vector3(8.0507, 3.8174, 29.4485)
material = SubResource("StandardMaterial3D_jfk51")

[node name="CSGBox3D70" type="CSGBox3D" parent="Cliffs/Collision"]
transform = Transform3D(0.945513, 0, 0.325585, 0, 1, 0, -0.325585, 0, 0.945513, 85.4127, 18.0817, -99.0994)
use_collision = true
size = Vector3(7.28498, 4.11317, 22.1106)
material = SubResource("StandardMaterial3D_jfk51")

[node name="CSGBox3D71" type="CSGBox3D" parent="Cliffs/Collision"]
transform = Transform3D(0.945513, 0, 0.325585, 0, 1, 0, -0.325585, 0, 0.945513, 88.6437, 15.1199, -89.392)
use_collision = true
size = Vector3(11.9765, 14.1368, 7.14087)
material = SubResource("StandardMaterial3D_jfk51")

[node name="CSGBox3D72" type="CSGBox3D" parent="Cliffs/Collision"]
transform = Transform3D(0.998774, 0, -0.0495122, 0, 1, 0, 0.0495122, 0, 0.998774, 87.2388, 21.0616, -89.6606)
use_collision = true
size = Vector3(5.53217, 4.3058, 5.08557)
material = SubResource("StandardMaterial3D_8dbgv")

[node name="CSGBox3D6" type="CSGBox3D" parent="Cliffs/Collision"]
transform = Transform3D(0.309382, 0, 0.950938, 0, 1, 0, -0.950938, 0, 0.309382, 56.2206, 17.8456, -74.7844)
use_collision = true
size = Vector3(1.41761, 12.7934, 19.981)
material = SubResource("StandardMaterial3D_jfk51")

[node name="CSGCylinder3D" type="CSGCylinder3D" parent="Cliffs/Collision/CSGBox3D6"]
transform = Transform3D(1, 0, 3.27826e-07, 0, 1, 0, -3.27826e-07, 0, 1, 0.748543, 0, 7.23419)
operation = 2
radius = 1.17731
height = 8.19424
sides = 5
material = SubResource("StandardMaterial3D_kg4er")

[node name="CSGBox3D78" type="CSGBox3D" parent="Cliffs/Collision"]
transform = Transform3D(0.309382, 0, 0.950938, 0, 1, 0, -0.950938, 0, 0.309382, 48.001, 24.9489, -68.5681)
use_collision = true
size = Vector3(17.6738, 3, 13.8052)
material = SubResource("StandardMaterial3D_4k2yu")

[node name="CSGBox3D98" type="CSGBox3D" parent="Cliffs/Collision/CSGBox3D78"]
transform = Transform3D(1, 0, 3.27826e-07, 0, 1, 0, -3.27826e-07, 0, 1, 7.80239, 1.77989, -0.403143)
operation = 2
use_collision = true
size = Vector3(2.46325, 1.82239, 9.57978)
material = ExtResource("8_skb1l")

[node name="CSGBox3D99" type="CSGBox3D" parent="Cliffs/Collision/CSGBox3D78"]
transform = Transform3D(0.941318, 0, 0.337523, 0, 1, 0, -0.337523, 0, 0.941318, -6.21929, -0.0989685, -6.10685)
operation = 2
use_collision = true
size = Vector3(5.77879, 3.82074, 4.02698)
material = SubResource("StandardMaterial3D_4k2yu")

[node name="CSGBox3D98" type="CSGBox3D" parent="Cliffs/Collision/CSGBox3D78/CSGBox3D99"]
transform = Transform3D(1, 0, 3.27826e-07, 0, 1, 0, -3.27826e-07, 0, 1, 7.80239, 1.77989, -0.403143)
operation = 2
